image: map.pgm
resolution: 0.150000
origin: [-33.299998, -50.549998, -nan]
negate: 0
occupied_thresh: 0.65
free_thresh: 0.196

